39397 39913 516
40815 41372 557
43006 43114 108
43554 43614 60
44614 45358 744
47819 48147 328
48447 48511 64
48559 48675 116
48810 49148 338
49277 49660 383
51274 51449 175
52909 53412 503
55287 55320 33
55570 55599 29
57023 57600 577
58881 59023 142
59760 59924 164
60539 61470 931
63766 63850 84
64177 64221 44
64605 64694 89
64985 65221 236
65282 65345 63
66009 66052 43
66662 66705 43
66985 67029 44
67587 67651 64
67656 67669 13
67821 68195 374
68267 68535 268
68538 68557 19
68559 68564 5
68566 68578 12
68580 68711 131
68739 68997 258
69899 70161 262
70913 71555 642
73138 73197 59
73961 74206 245
74923 75405 482
77417 77784 367
78459 78488 29
78735 78755 20
78872 79150 278
82349 82981 632
83012 83333 321
86525 87403 878
89300 89452 152
90731 90842 111
90890 90989 99
92328 92440 112
94009 94053 44
94374 94781 407
94854 94989 135
97525 101728 4203
105305 105348 43
105860 106503 643
108042 108053 11
108799 108823 24
108878 108961 83
109548 110470 922
113786 114202 416
115090 115146 56
115168 115367 199
115584 115819 235
116240 116626 386
116783 116812 29
116899 116932 33
116934 117046 112
117048 117052 4
117054 117109 55
117111 117115 4
117116 117143 27
117145 117178 33
117329 117687 358
117712 117846 134
117848 117963 115
117973 117998 25
118001 118155 154
118157 118161 4
118165 118206 41
118208 118213 5
118215 118348 133
118350 118397 47
118400 118404 4
118407 118411 4
118414 118494 80
118505 118656 151
118659 118703 44
118705 118738 33
118756 118866 110
152982 153514 532
155326 155836 510
155902 156074 172
156574 157153 579
158891 159173 282
159409 159446 37
160147 160530 383
161371 161418 47
164182 164749 567
168126 168861 735
171734 172013 279
172054 172218 164
172332 172400 68
173680 173762 82
175105 175154 49
175318 175902 584
179626 183403 3777
202709 203691 982
213509 214018 509
215871 216774 903
217137 217904 767
219421 219575 154
219834 219866 32
220639 220948 309
221813 221860 47
224629 225227 598
228744 229285 541
232338 232854 516
235519 235597 78
235825 236337 512
242426 247136 4710
251173 251175 2
251180 252549 1369
252721 253711 990
255209 255221 12
255223 255229 6
255231 255487 256
255913 256090 177
256246 256579 333
256593 257105 512
259891 260299 408
260559 260923 364
260933 261647 714
262794 262895 101
262918 263272 354
263408 264256 848
264417 264427 10
264429 264433 4
264435 264452 17
264454 264458 4
264460 264464 4
264466 264471 5
264473 264477 4
264479 264495 16
264497 264508 11
264509 264526 17
264528 264601 73
264620 264652 32
264689 264756 67
264763 264795 32
264820 264835 15
265026 265172 146
265251 265259 8
265271 265301 30
269580 269809 229
272640 273016 376
273023 274089 1066
276225 276549 324
276551 276589 38
276591 276612 21
276614 276738 124
276803 276813 10
276815 276830 15
